@NAME:GENOME	VERSION:0.4.1	FORMAT:TEXT
@SCFNAME    	POS	REF	MAJOR	MINOR	COVERAG	MJ_FREQ	MN_FREQ	ERROR	NULL_ER	F_STAT	MM_FREQ	Mm_FREQ	mm_FREQ	HETERO	POLY_LR	HWE_LR	GOF	EF_CHRM	IND_INC	IND_CUT	BEST_LL
scaffold_1	1	N	N	N	0	.	.	.	.	.	.	.	.	.	0.0000	0.0000	0.0000	0.0000	0	0	0.0000
scaffold_1	2	A	A	N	2	1.0000	0.0000	0.0010	0.0010	0.3333	1.0000	0.0000	0.0000	0.0000	0.00	0.00	0.04	2.00	2	0	-0.0020
scaffold_1	3	A	A	N	2	1.0000	0.0000	0.0010	0.0010	0.3333	1.0000	0.0000	0.0000	0.0000	0.00	0.00	0.04	2.00	2	0	-0.0020
scaffold_1	4	A	A	N	2	1.0000	0.0000	0.0010	0.0010	0.3333	1.0000	0.0000	0.0000	0.0000	0.00	0.00	0.04	2.00	2	0	-0.0020
scaffold_1	5	T	T	N	2	1.0000	0.0000	0.0010	0.0010	0.3333	1.0000	0.0000	0.0000	0.0000	0.00	0.00	0.04	2.00	2	0	-0.0020
scaffold_1	6	C	C	N	2	1.0000	0.0000	0.0010	0.0010	0.3333	1.0000	0.0000	0.0000	0.0000	0.00	0.00	0.04	2.00	2	0	-0.0020
scaffold_1	7	G	G	N	2	1.0000	0.0000	0.0010	0.0010	0.3333	1.0000	0.0000	0.0000	0.0000	0.00	0.00	0.04	2.00	2	0	-0.0020
scaffold_1	8	C	C	N	2	1.0000	0.0000	0.0010	0.0010	0.3333	1.0000	0.0000	0.0000	0.0000	0.00	0.00	0.04	2.00	2	0	-0.0020
scaffold_1	9	C	C	N	2	1.0000	0.0000	0.0010	0.0010	0.3333	1.0000	0.0000	0.0000	0.0000	0.00	0.00	0.04	2.00	2	0	-0.0020
scaffold_1	10	C	C	N	2	1.0000	0.0000	0.0010	0.0010	0.3333	1.0000	0.0000	0.0000	0.0000	0.00	0.00	0.04	2.00	2	0	-0.0020
scaffold_2	1	T	T	N	2	1.0000	0.0000	0.0010	0.0010	1.0000	1.0000	0.0000	0.0000	0.0000	0.00	0.00	0.04	1.50	1	0	-0.0020
scaffold_2	2	A	A	N	3	1.0000	0.0000	0.0010	0.0010	0.3333	1.0000	0.0000	0.0000	0.0000	0.00	0.00	0.05	2.50	2	0	-0.0030
scaffold_2	3	A	A	N	3	1.0000	0.0000	0.0010	0.0010	0.3333	1.0000	0.0000	0.0000	0.0000	0.00	0.00	0.05	2.50	2	0	-0.0030
scaffold_2	4	A	A	N	3	1.0000	0.0000	0.0010	0.0010	0.3333	1.0000	0.0000	0.0000	0.0000	0.00	0.00	0.05	2.50	2	0	-0.0030
scaffold_2	5	T	T	N	3	1.0000	0.0000	0.0010	0.0010	0.3333	1.0000	0.0000	0.0000	0.0000	0.00	0.00	0.05	2.50	2	0	-0.0030
scaffold_2	6	C	C	N	3	1.0000	0.0000	0.0010	0.0010	0.3333	1.0000	0.0000	0.0000	0.0000	0.00	0.00	0.05	2.50	2	0	-0.0030
scaffold_2	7	G	G	N	3	1.0000	0.0000	0.0010	0.0010	0.3333	1.0000	0.0000	0.0000	0.0000	0.00	0.00	0.05	2.50	2	0	-0.0030
scaffold_2	8	C	C	N	3	1.0000	0.0000	0.0010	0.0010	0.3333	1.0000	0.0000	0.0000	0.0000	0.00	0.00	0.05	2.50	2	0	-0.0030
scaffold_2	9	C	C	N	3	1.0000	0.0000	0.0010	0.0010	0.3333	1.0000	0.0000	0.0000	0.0000	0.00	0.00	0.05	2.50	2	0	-0.0030
scaffold_2	10	C	C	N	3	1.0000	0.0000	0.0010	0.0010	0.3333	1.0000	0.0000	0.0000	0.0000	0.00	0.00	0.05	2.50	2	0	-0.0030
scaffold_3	1	T	T	A	3	0.5000	0.5000	0.0010	0.3333	0.0000	0.0000	1.0000	0.0000	1.0000	1.85	1.38	0.58	1.75	1	0	-0.9828
scaffold_3	2	A	A	N	4	1.0000	0.0000	0.0010	0.0010	0.3333	1.0000	0.0000	0.0000	0.0000	0.00	0.00	0.06	2.75	2	0	-0.0040
scaffold_3	3	A	A	N	4	1.0000	0.0000	0.0010	0.0010	0.3333	1.0000	0.0000	0.0000	0.0000	0.00	0.00	0.06	2.75	2	0	-0.0040
scaffold_3	4	A	A	N	4	1.0000	0.0000	0.0010	0.0010	0.3333	1.0000	0.0000	0.0000	0.0000	0.00	0.00	0.06	2.75	2	0	-0.0040
scaffold_3	5	T	A	T	4	0.5000	0.5000	0.0010	0.2500	-0.6667	0.0000	1.0000	0.0000	0.6667	9.93	1.38	0.58	2.75	2	0	-1.6766
scaffold_3	6	C	C	A	4	0.5000	0.5000	0.0010	0.2500	-0.6667	0.0000	1.0000	0.0000	0.6667	1.15	1.38	0.58	2.75	2	0	-1.6766
scaffold_3	7	G	G	A	4	0.5000	0.5000	0.0010	0.2500	-0.6667	0.0000	1.0000	0.0000	0.6667	1.15	1.38	0.58	2.75	2	0	-1.6766
scaffold_3	8	C	C	A	4	0.5000	0.5000	0.0010	0.2500	-0.6667	0.0000	1.0000	0.0000	0.6667	1.15	1.38	0.58	2.75	2	0	-1.6766
scaffold_3	9	C	A	C	4	0.5000	0.5000	0.0010	0.2500	-0.6667	0.0000	1.0000	0.0000	0.6667	9.93	1.38	0.58	2.75	2	0	-1.6766
scaffold_3	10	C	C	A	61	0.6250	0.3750	0.0010	0.4918	0.6095	0.5000	0.2500	0.2500	0.5357	114.76	0.39	0.28	7.00	4	0	-5.7260
scaffold_1	0	N	N	N	0	.	.	.	.	.	.	.	.	.	0.0000	0.0000	0.0000	0.0000	0	0	0.0000
@END_TABLE
@NAME:SAMPLE	VERSION:0.4.1	FORMAT:TEXT
@SMPNAME	GOF
Sample_1	0.7323
Sample_2	-1.1418
Sample_3	0.2035
Sample_4	-nan
Sample_5	0.7754
Sample_6	-nan
Sample_7	-nan
Sample_8	-nan
@END_TABLE
