id1		id2	ref	major	minor	cov	M	m	error	null_e	unbiased_f	MM	Mm	mm	unbiased_h	poly_ll	hwe_ll	gof	ef_chrm	N	N_cut	model_ll
scaffold_0    	2	A	A	.	6	1.0000	0.0000	0.0010	0.0010	0.3333	1.0000	0.0000	0.0000	0.0000	0.0000	0.0000	0.0724	2.9375	2	0	-0.0060
scaffold_0    	3	A	A	.	7	1.0000	0.0000	0.0010	0.0010	0.1429	1.0000	0.0000	0.0000	0.0000	0.0000	0.0000	0.0791	4.8750	4	0	-0.0070
scaffold_0    	4	A	A	.	7	1.0000	0.0000	0.0010	0.0010	0.0769	1.0000	0.0000	0.0000	0.0000	0.0000	0.0000	0.0837	7.0000	7	0	-0.0070
scaffold_0    	5	C	C	.	8	1.0000	0.0000	0.0010	0.0010	0.0667	1.0000	0.0000	0.0000	0.0000	0.0000	0.0000	0.0895	8.0000	8	0	-0.0080
scaffold_0    	6	T	T	.	11	1.0000	0.0000	0.0010	0.0010	0.0476	1.0000	0.0000	0.0000	0.0000	0.0000	0.0000	0.1049	11.0000	11	0	-0.0110
scaffold_0    	7	G	G	.	11	1.0000	0.0000	0.0010	0.0010	0.0476	1.0000	0.0000	0.0000	0.0000	0.0000	0.0000	0.1049	11.0000	11	0	-0.0110
scaffold_0    	8	C	C	.	13	1.0000	0.0000	0.0010	0.0010	0.0400	1.0000	0.0000	0.0000	0.0000	0.0000	0.0000	0.1141	13.0000	13	0	-0.0130
scaffold_0    	9	G	G	.	16	1.0000	0.0000	0.0010	0.0010	0.0323	1.0000	0.0000	0.0000	0.0000	0.0000	0.0000	0.1266	16.0000	16	0	-0.0160
scaffold_0    	10	C	C	.	18	1.0000	0.0000	0.0010	0.0010	0.0286	1.0000	0.0000	0.0000	0.0000	0.0000	0.0000	0.1342	18.0000	18	0	-0.0180
scaffold_0    	11	A	A	.	22	1.0000	0.0000	0.0010	0.0010	0.0244	1.0000	0.0000	0.0000	0.0000	0.0000	0.0000	0.1478	21.5000	21	0	-0.0220
scaffold_0    	12	T	T	.	27	1.0000	0.0000	0.0010	0.0010	0.0213	1.0000	0.0000	0.0000	0.0000	0.0000	0.0000	0.1630	25.5000	24	0	-0.0270
scaffold_0    	13	C	C	.	29	1.0000	0.0000	0.0010	0.0010	0.0204	1.0000	0.0000	0.0000	0.0000	0.0000	0.0000	0.1687	27.0000	25	0	-0.0290
scaffold_0    	14	T	T	.	31	1.0000	0.0000	0.0010	0.0010	0.0189	1.0000	0.0000	0.0000	0.0000	0.0000	0.0000	0.1745	29.0000	27	0	-0.0310
scaffold_0    	15	G	G	.	33	1.0000	0.0000	0.0010	0.0010	0.0182	1.0000	0.0000	0.0000	0.0000	0.0000	0.0000	0.1798	30.5000	28	0	-0.0330
scaffold_0    	16	T	T	.	35	1.0000	0.0000	0.0010	0.0010	0.0175	1.0000	0.0000	0.0000	0.0000	0.0000	0.0000	0.1850	32.0000	29	0	-0.0350
scaffold_0    	17	C	C	.	37	1.0000	0.0000	0.0010	0.0010	0.0169	1.0000	0.0000	0.0000	0.0000	0.0000	0.0000	0.1900	33.5000	30	0	-0.0370
scaffold_0    	18	G	G	.	39	1.0000	0.0000	0.0010	0.0010	0.0159	1.0000	0.0000	0.0000	0.0000	0.0000	0.0000	0.1952	35.5000	32	0	-0.0390
scaffold_0    	19	T	T	.	42	1.0000	0.0000	0.0010	0.0010	0.0149	1.0000	0.0000	0.0000	0.0000	0.0000	0.0000	0.2025	38.0000	34	0	-0.0420
scaffold_0    	20	A	A	.	44	1.0000	0.0000	0.0010	0.0010	0.0145	1.0000	0.0000	0.0000	0.0000	0.0000	0.0000	0.2071	39.5000	35	0	-0.0440
scaffold_0    	21	T	T	.	45	1.0000	0.0000	0.0010	0.0010	0.0145	1.0000	0.0000	0.0000	0.0000	0.0000	0.0000	0.2093	40.0000	35	0	-0.0450
scaffold_0    	22	A	A	.	45	1.0000	0.0000	0.0010	0.0010	0.0145	1.0000	0.0000	0.0000	0.0000	0.0000	0.0000	0.2093	40.0000	35	0	-0.0450
scaffold_0    	23	A	A	.	46	1.0000	0.0000	0.0010	0.0010	0.0141	1.0000	0.0000	0.0000	0.0000	0.0000	0.0000	0.2117	41.0000	36	0	-0.0460
scaffold_0    	24	A	A	.	48	1.0000	0.0000	0.0010	0.0010	0.0137	1.0000	0.0000	0.0000	0.0000	0.0000	0.0000	0.2161	42.5000	37	0	-0.0480
scaffold_0    	25	C	C	A	49	0.9737	0.0263	0.0010	0.0204	-0.0137	0.9474	0.0526	0.0000	0.0519	1.0047	0.0448	0.3440	43.5000	38	0	-5.4778
scaffold_0    	26	A	A	.	50	1.0000	0.0000	0.0010	0.0010	0.0133	1.0000	0.0000	0.0000	0.0000	0.0000	0.0000	0.2200	43.7500	38	0	-0.0500
scaffold_0    	27	A	A	.	52	1.0000	0.0000	0.0010	0.0010	0.0127	1.0000	0.0000	0.0000	0.0000	0.0000	0.0000	0.2245	45.7500	40	0	-0.0520
scaffold_0    	28	G	G	.	56	1.0000	0.0000	0.0010	0.0010	0.0120	1.0000	0.0000	0.0000	0.0000	0.0000	0.0000	0.2329	48.7500	42	0	-0.0560
scaffold_0    	29	T	T	.	56	1.0000	0.0000	0.0010	0.0010	0.0120	1.0000	0.0000	0.0000	0.0000	0.0000	0.0000	0.2329	48.7500	42	0	-0.0560
scaffold_0    	30	T	T	.	60	1.0000	0.0000	0.0010	0.0010	0.0115	1.0000	0.0000	0.0000	0.0000	0.0000	0.0000	0.2405	51.5000	44	0	-0.0600
scaffold_0    	31	G	G	.	61	1.0000	0.0000	0.0010	0.0010	0.0112	1.0000	0.0000	0.0000	0.0000	0.0000	0.0000	0.2426	52.5000	45	0	-0.0610
scaffold_0    	32	C	C	A	63	0.9787	0.0213	0.0010	0.0159	-0.0110	0.9574	0.0426	0.0000	0.0421	1.0313	0.0351	0.3579	54.5000	47	0	-5.7181
scaffold_0    	33	G	G	.	67	1.0000	0.0000	0.0010	0.0010	0.0105	1.0000	0.0000	0.0000	0.0000	0.0000	0.0000	0.2538	56.7500	48	0	-0.0670
scaffold_0    	34	T	T	.	70	1.0000	0.0000	0.0010	0.0010	0.0103	1.0000	0.0000	0.0000	0.0000	0.0000	0.0000	0.2584	58.1250	49	0	-0.0700
scaffold_0    	35	G	G	.	70	1.0000	0.0000	0.0010	0.0010	0.0103	1.0000	0.0000	0.0000	0.0000	0.0000	0.0000	0.2584	58.1250	49	0	-0.0700
scaffold_0    	36	G	G	.	74	1.0000	0.0000	0.0010	0.0010	0.0101	1.0000	0.0000	0.0000	0.0000	0.0000	0.0000	0.2658	60.6250	50	0	-0.0740
scaffold_0    	37	G	G	C	76	0.9808	0.0192	0.0010	0.0132	1.0097	0.9808	0.0000	0.0192	0.0381	2.8444	0.4107	0.0567	62.6250	52	0	-5.0005
scaffold_0    	38	G	G	C	81	0.9821	0.0179	0.0010	0.0123	-0.0092	0.9643	0.0357	0.0000	0.0354	1.0769	0.0278	0.3847	67.1250	56	0	-5.9484
scaffold_0    	39	G	G	.	83	1.0000	0.0000	0.0010	0.0010	0.0090	1.0000	0.0000	0.0000	0.0000	0.0000	0.0000	0.2818	68.1250	56	0	-0.0830
scaffold_0    	40	C	C	.	84	1.0000	0.0000	0.0010	0.0010	0.0088	1.0000	0.0000	0.0000	0.0000	0.0000	0.0000	0.2835	69.1250	57	0	-0.0840
scaffold_0    	41	T	T	G	87	0.9825	0.0175	0.0010	0.0115	1.0088	0.9825	0.0000	0.0175	0.0348	2.9124	0.4714	0.0638	70.3750	57	0	-5.1026
scaffold_0    	42	T	T	A	88	0.9825	0.0175	0.0114	0.0114	-0.0090	0.9649	0.0351	0.0000	0.0348	0.0000	0.9380	0.4631	70.5000	57	0	-6.5702
scaffold_0    	43	A	A	.	91	1.0000	0.0000	0.0010	0.0010	0.0085	1.0000	0.0000	0.0000	0.0000	0.0000	0.0000	0.2944	73.0000	59	0	-0.0910
scaffold_0    	44	G	G	.	92	1.0000	0.0000	0.0010	0.0010	0.0084	1.0000	0.0000	0.0000	0.0000	0.0000	0.0000	0.2960	74.0000	60	0	-0.0920
scaffold_0    	45	T	T	.	95	1.0000	0.0000	0.0010	0.0010	0.0083	1.0000	0.0000	0.0000	0.0000	0.0000	0.0000	0.3006	75.7500	61	0	-0.0950
scaffold_0    	46	G	G	C	100	0.9839	0.0161	0.0010	0.0100	-0.0083	0.9677	0.0323	0.0000	0.0320	1.1305	0.0227	0.4225	78.3750	62	0	-6.1335
scaffold_0    	47	G	G	.	100	1.0000	0.0000	0.0010	0.0010	0.0081	1.0000	0.0000	0.0000	0.0000	0.0000	0.0000	0.3083	78.3750	62	0	-0.1001
scaffold_0    	48	G	G	.	102	1.0000	0.0000	0.0010	0.0010	0.0080	1.0000	0.0000	0.0000	0.0000	0.0000	0.0000	0.3109	79.5000	63	0	-0.1021
scaffold_0    	49	A	A	.	103	1.0000	0.0000	0.0194	0.0194	0.0080	1.0000	0.0000	0.0000	0.0000	0.0000	0.0000	-0.2803	80.0000	63	0	-12.0608
scaffold_0    	50	T	T	.	105	1.0000	0.0000	0.0010	0.0010	0.0078	1.0000	0.0000	0.0000	0.0000	0.0000	0.0000	0.3155	82.0000	65	0	-0.1051
scaffold_0    	51	G	G	.	106	1.0000	0.0000	0.0010	0.0010	0.0078	1.0000	0.0000	0.0000	0.0000	0.0000	0.0000	0.3168	82.2500	65	0	-0.1061
scaffold_0    	52	A	A	G	109	0.9851	0.0149	0.0010	0.0092	1.0075	0.9851	0.0000	0.0149	0.0296	3.0022	0.5245	0.0791	84.5000	67	0	-5.2843
scaffold_0    	53	T	T	.	110	1.0000	0.0000	0.0010	0.0010	0.0074	1.0000	0.0000	0.0000	0.0000	0.0000	0.0000	0.3224	85.5000	68	0	-0.1101
scaffold_0    	54	T	T	G	112	0.9855	0.0145	0.0010	0.0089	1.0073	0.9855	0.0000	0.0145	0.0288	2.9927	0.5238	0.0815	87.0000	69	0	-5.3163
scaffold_0    	55	G	G	A	115	0.9857	0.0143	0.0010	0.0087	1.0072	0.9857	0.0000	0.0143	0.0284	3.0115	0.5253	0.0835	88.3125	70	0	-5.3334
scaffold_0    	56	C	C	.	118	1.0000	0.0000	0.0010	0.0010	0.0072	1.0000	0.0000	0.0000	0.0000	0.0000	0.0000	0.3337	89.8125	70	0	-0.1181
scaffold_0    	57	C	C	.	124	1.0000	0.0000	0.0010	0.0010	0.0071	1.0000	0.0000	0.0000	0.0000	0.0000	0.0000	0.3429	93.3125	71	0	-0.1241
scaffold_0    	58	C	C	.	129	1.0000	0.0000	0.0010	0.0010	0.0069	1.0000	0.0000	0.0000	0.0000	0.0000	0.0000	0.3494	96.3125	73	0	-0.1291
scaffold_0    	59	A	A	.	133	1.0000	0.0000	0.0150	0.0150	0.0068	1.0000	0.0000	0.0000	0.0000	0.0000	0.0000	-0.4493	98.5625	74	0	-12.5765
scaffold_0    	60	A	A	.	133	1.0000	0.0000	0.0010	0.0010	0.0068	1.0000	0.0000	0.0000	0.0000	0.0000	0.0000	0.3549	98.5625	74	0	-0.1331
scaffold_0    	61	T	T	G	135	0.9933	0.0067	0.0010	0.0074	-0.0000	0.9867	0.0133	0.0000	0.0133	1.1922	0.0100	-0.1122	100.0625	75	0	-6.4041
scaffold_0    	62	G	G	A	138	0.9933	0.0067	0.0010	0.0072	-0.0000	0.9867	0.0133	0.0000	0.0133	0.0065	0.0089	-0.0004	101.0625	75	0	-7.0190
scaffold_0    	63	T	T	G	139	0.9934	0.0066	0.0010	0.0072	-0.0000	0.9868	0.0132	0.0000	0.0132	1.2097	0.0097	-0.1068	102.0625	76	0	-6.4246
scaffold_0    	64	G	G	C	141	0.9935	0.0065	0.0010	0.0071	-0.0000	0.9870	0.0130	0.0000	0.0130	0.0021	0.0086	0.0033	103.5625	77	0	-7.0428
scaffold_0    	65	T	T	.	143	1.0000	0.0000	0.0140	0.0140	0.0065	1.0000	0.0000	0.0000	0.0000	0.0000	0.0000	-0.2254	104.6875	78	0	-12.7226
scaffold_0    	66	C	C	.	144	0.9872	0.0128	0.0104	0.0139	1.0065	0.9872	0.0000	0.0128	0.0255	0.9332	0.6834	0.2195	105.1875	78	0	-12.2700
scaffold_0    	67	G	G	.	145	1.0000	0.0000	0.0010	0.0010	0.0065	1.0000	0.0000	0.0000	0.0000	0.0000	0.0000	0.3707	105.6875	78	0	-0.1451
scaffold_0    	68	C	C	T	145	0.9808	0.0192	0.0010	0.0138	-0.0132	0.9615	0.0385	0.0000	0.0380	2.7636	0.0547	0.2535	105.6875	78	0	-11.3688
scaffold_0    	69	T	T	.	148	1.0000	0.0000	0.0010	0.0010	0.0063	1.0000	0.0000	0.0000	0.0000	0.0000	0.0000	0.3746	108.1875	80	0	-0.1481
scaffold_0    	70	C	C	G	149	0.9938	0.0062	0.0010	0.0067	-0.0000	0.9875	0.0125	0.0000	0.0125	1.2229	0.0091	-0.0936	108.4375	80	0	-6.4877
scaffold_0    	71	G	G	T	151	0.9938	0.0062	0.0010	0.0066	0.0000	0.9877	0.0123	0.0000	0.0123	0.0286	0.0081	0.0156	109.4688	81	0	-7.0983
scaffold_0    	72	T	T	.	155	1.0000	0.0000	0.0010	0.0010	0.0061	1.0000	0.0000	0.0000	0.0000	0.0000	0.0000	0.3828	111.7188	82	0	-0.1551
scaffold_0    	73	A	A	T	156	0.9939	0.0061	0.0010	0.0064	-0.0000	0.9878	0.0122	0.0000	0.0122	1.2430	0.0088	-0.0842	112.2188	82	0	-6.5238
scaffold_0    	74	G	G	T	157	0.9939	0.0061	0.0010	0.0064	-0.0000	0.9878	0.0122	0.0000	0.0122	1.2476	0.0088	-0.0819	112.7188	82	0	-6.5278
scaffold_0    	75	G	G	.	160	1.0000	0.0000	0.0010	0.0010	0.0061	1.0000	0.0000	0.0000	0.0000	0.0000	0.0000	0.3891	113.4688	82	0	-0.1601
scaffold_0    	76	G	G	C	165	0.9940	0.0060	0.0010	0.0061	-0.0000	0.9880	0.0120	0.0000	0.0120	1.2926	0.0085	-0.0729	115.4688	83	0	-6.5552
scaffold_0    	77	A	A	T	166	0.9940	0.0060	0.0010	0.0060	-0.0000	0.9880	0.0120	0.0000	0.0120	1.2997	0.0085	-0.0716	115.7188	83	0	-6.5577
scaffold_0    	78	A	A	G	167	0.9881	0.0119	0.0010	0.0060	1.0060	0.9881	0.0000	0.0119	0.0237	3.2982	0.7818	0.1131	116.7188	84	0	-5.5645
scaffold_0    	79	A	A	G	170	0.9941	0.0059	0.0059	0.0059	-0.0000	0.9882	0.0118	0.0000	0.0118	0.0000	0.7589	0.1027	118.7188	85	0	-7.2315
scaffold_0    	80	G	G	C	171	0.9941	0.0059	0.0010	0.0058	-0.0000	0.9882	0.0118	0.0000	0.0118	0.1113	0.0073	0.0437	118.8438	85	0	-7.1817
scaffold_0    	81	A	A	.	173	1.0000	0.0000	0.0116	0.0116	0.0059	1.0000	0.0000	0.0000	0.0000	0.0000	0.0000	-0.5592	119.2188	85	0	-13.1059
scaffold_0    	82	G	G	C	174	0.9941	0.0059	0.0010	0.0057	-0.0000	0.9882	0.0118	0.0000	0.0118	0.1343	0.0073	0.0465	119.3438	85	0	-7.1877
scaffold_0    	83	G	G	T	174	0.9882	0.0118	0.0010	0.0057	1.0059	0.9882	0.0000	0.0118	0.0234	3.3434	0.8109	0.1167	119.3438	85	0	-5.5831
scaffold_0    	84	T	T	C	175	0.9941	0.0059	0.0010	0.0057	-0.0000	0.9882	0.0118	0.0000	0.0118	1.3331	0.0082	-0.0622	119.4688	85	0	-6.5940
scaffold_0    	85	A	A	C	179	0.9941	0.0059	0.0010	0.0056	-0.0000	0.9882	0.0118	0.0000	0.0118	0.1692	0.0072	0.0518	120.3438	85	0	-7.1986
scaffold_0    	86	T	T	.	183	1.0000	0.0000	0.0010	0.0010	0.0059	1.0000	0.0000	0.0000	0.0000	0.0000	0.0000	0.4142	121.4688	85	0	-0.1831
scaffold_0    	87	A	A	.	184	1.0000	0.0000	0.0010	0.0010	0.0059	1.0000	0.0000	0.0000	0.0000	0.0000	0.0000	0.4151	121.5938	85	0	-0.1841
scaffold_0    	88	C	C	.	184	1.0000	0.0000	0.0010	0.0010	0.0059	1.0000	0.0000	0.0000	0.0000	0.0000	0.0000	0.4151	121.5938	85	0	-0.1841
scaffold_0    	89	T	T	C	187	0.9941	0.0059	0.0053	0.0053	-0.0000	0.9882	0.0118	0.0000	0.0118	0.0000	0.7538	0.1236	122.8438	85	0	-7.3270
scaffold_0    	90	T	T	.	189	1.0000	0.0000	0.0010	0.0010	0.0058	1.0000	0.0000	0.0000	0.0000	0.0000	0.0000	0.4211	124.0938	86	0	-0.1891
scaffold_0    	91	G	G	.	192	1.0000	0.0000	0.0010	0.0010	0.0058	1.0000	0.0000	0.0000	0.0000	0.0000	0.0000	0.4242	124.7812	86	0	-0.1921
scaffold_0    	92	A	A	.	194	1.0000	0.0000	0.0010	0.0010	0.0058	1.0000	0.0000	0.0000	0.0000	0.0000	0.0000	0.4265	125.4062	86	0	-0.1941
scaffold_0    	93	G	G	T	199	1.0000	0.0000	0.0201	0.0201	0.0057	1.0000	0.0000	0.0000	0.0000	0.0000	0.0000	-0.2451	128.4062	88	0	-23.9820
scaffold_0    	94	C	C	A	203	0.9943	0.0057	0.0049	0.0049	-0.0000	0.9886	0.0114	0.0000	0.0114	0.0000	0.7581	0.1453	130.0312	88	0	-7.4094
scaffold_0    	95	A	A	.	205	1.0000	0.0000	0.0010	0.0010	0.0057	1.0000	0.0000	0.0000	0.0000	0.0000	0.0000	0.4398	131.0312	88	0	-0.2051
scaffold_0    	96	A	A	.	205	1.0000	0.0000	0.0146	0.0146	0.0057	1.0000	0.0000	0.0000	0.0000	0.0000	0.0000	0.2245	131.0312	88	0	-18.9470
scaffold_0    	97	G	G	A	207	0.9831	0.0169	0.0010	0.0097	-0.0115	0.9663	0.0337	0.0000	0.0333	3.1514	0.0407	0.3430	132.2812	89	0	-11.8910
scaffold_0    	98	T	T	G	211	0.9944	0.0056	0.0010	0.0047	0.0000	0.9888	0.0112	0.0000	0.0112	1.4612	0.0073	-0.0154	133.2188	89	0	-6.7175
scaffold_0    	99	A	A	.	212	1.0000	0.0000	0.0094	0.0094	0.0056	1.0000	0.0000	0.0000	0.0000	0.0000	0.0000	0.0512	133.4688	89	0	-13.5146
scaffold_0    	100	T	T	.	214	1.0000	0.0000	0.0010	0.0010	0.0056	1.0000	0.0000	0.0000	0.0000	0.0000	0.0000	0.4494	134.2188	89	0	-0.2141
@sample_1:-nan
@sample_2:-nan
@sample_3:-nan
@sample_4:-nan
@sample_5:-nan
@sample_6:-nan
@sample_7:-nan
@sample_8:-nan
@sample_9:-nan
@sample_10:-nan
@sample_11:-nan
@sample_12:-nan
@sample_13:-nan
@sample_14:-nan
@sample_15:-nan
@sample_16:-nan
@sample_17:-nan
@sample_18:-nan
@sample_19:-nan
@sample_20:-nan
@sample_21:-nan
@sample_22:-nan
@sample_23:-nan
@sample_24:-nan
@sample_25:-nan
@sample_26:-nan
@sample_27:-nan
@sample_28:-nan
@sample_29:-nan
@sample_30:-nan
@sample_31:-nan
@sample_32:-nan
@sample_33:-nan
@sample_34:-nan
@sample_35:-nan
@sample_36:-nan
@sample_37:-nan
@sample_38:-nan
@sample_39:-nan
@sample_40:-nan
@sample_41:-nan
@sample_42:-nan
@sample_43:-nan
@sample_44:-nan
@sample_45:-nan
@sample_46:-nan
@sample_47:-nan
@sample_48:-nan
@sample_49:-nan
@sample_50:-nan
@sample_51:-nan
@sample_52:-nan
@sample_53:-nan
@sample_54:-nan
@sample_55:-nan
@sample_56:-nan
@sample_57:-nan
@sample_58:-nan
@sample_59:-nan
@sample_60:-nan
@sample_61:-nan
@sample_62:-nan
@sample_63:-nan
@sample_64:-nan
@sample_65:-nan
@sample_66:-nan
@sample_67:-nan
@sample_68:-nan
@sample_69:-nan
@sample_70:-nan
@sample_71:-nan
@sample_72:-nan
@sample_73:-nan
@sample_74:-nan
@sample_75:-nan
@sample_76:-nan
@sample_77:-nan
@sample_78:-nan
@sample_79:-nan
@sample_80:-nan
@sample_81:-nan
@sample_82:-nan
@sample_83:-nan
@sample_84:-nan
@sample_85:-nan
@sample_86:-nan
@sample_87:-nan
@sample_88:-nan
@sample_89:-nan
@sample_90:-nan
@sample_91:-nan
@sample_92:-nan
@sample_93:-nan
@sample_94:-nan
@sample_95:-nan
@sample_96:-nan
